42x33 grid

Detector Positions:
			D18: 2,3
			D20: 2,18
			D19: 2,27 
			D13: 14,10
			D16: 21,25
			D21: 26,1
			D17: 38,8
			D12: 40,24
Material positions:
		Lead: 
			Blocks:
			 0,3   2x8
			 0,11  2x8
			 0,21  2x8
			 2,3   4x8
			 2,11  4x8
			 32,25 2x8
			 34,25 8x2
			Disks:
			 r=3.125
			 7,17
			 10,17
			 13,17
		Cardboard
			20,24 18x0.5
		MDF
			6,10  7x1
			28,0  1x7
			28,7  14x1
			38,0  1x7
	    Pine
	    	0,19 10x1.5

Test Points
       x     y  completed
0   28.0  14.0,  x
1   38.0  30.0,  x
2    4.0  28.0,  x
3    2.0  21.0,  x
4   10.0  16.0,  x
5   41.0  10.0,  x
6   32.0  4.0,  x
7    5.0  6.0,  x
8   40.0  18.0,  x
9   24.0  32.0,  x
10  16.0  19.0,  x
11   7.0  22.0,  x
12  18.0  26.0,  x
13  35.0  12.0,  x
14  33.0  8.0,  x
15  30.0  6.0,  x
16  23.0  11.0,  x
17  26.0  29.0,  x
18  19.0  15.0,  x
19  12.0  3.0,  x
20   0.0  0.0,  x
21   9.0  1.0,  x
22  21.0  23.0,  x
23  37.0  23.0,  x 
24  14.0  32.0,  x

Background: 
	average between all detectors: 11.23147917 counts per second


New Data points

     x  y  completed
26   2.0  0.0  x
27   5.0  0.0  x
28   7.0  0.0  x
29   7.0  4.0  x
30  10.0  0.0  x
31  10.0  4.0  x
32  12.0  4.0  x
33  16.0  4.0  x
34  40.0  0.0  x
35  41.0  4.0  x
36  31.0  4.0  x
37  31.0  0.0  x
38  34.0  0.0  x
39  41.0  15.0  x
40  41.0  20.0  x
41  41.0  28.0  x
42  36.0  32.0  x
43  28.0  32.0  x
44  17.0  32.0  x
45  12.0  32.0  x
46   0.0  32.0  x
47   7.0  32.0  x
48   7.0  29.0  x
49   7.0  25.0  x
50  10.0  25.0  x

 2,  5,  7,  7, 10, 10, 12, 16, 40, 41, 31, 31, 34, 41, 41, 41, 36, 28, 17, 12,  0,  7,  7,  7, 10, 
 0, 0,  0,  4,  0,  4,  4,  4,  0,  4,  4,  0,  0, 15, 20, 28, 32, 32, 32, 32, 32, 32, 29, 25, 25, 


Data points 50-75
       x     y Completed
50   13.0  20.0 x
51   38.0  10.0 x 
52   41.0  24.0 x
53   19.0  11.0 x
54    7.0  15.0 x
55   17.0  30.0 x
56   39.0  14.0 x
57   36.0  32.0 x
58    9.0  0.0  x
59   25.0  32.0 x
60   32.0  9.0  x
61   16.0  13.0 x
62    6.0  6.0  x
63   42.0  27.0 x
64    0.0  29.0 x
65    2.0  23.0 x
66   26.0  10.0 x
67   20.0  2.0  x 
68   28.0  18.0 x
69   30.0  27.0 x
70    3.0  16.0 x
71   29.0  1.0  x
72   14.0  17.0 x
73   23.0  19.0 x
74   22.0  8.0  x

tampering Data
Detector 12
	x 	y
1	39.0	18.0
2	37.0   18.0
3	35.0	18.0 
4	33.0   18.0
5	31.0   18.0
6	40.0   15.0
7	38.0   15.0
8	36.0   15.0
9	34.0   15.0
10	32.0   15.0
Detector 13
	x 	y
1 	18.0 	17.0
2      20.0   15.0
3      21.0   12.0
4      22.0   10.0
5      21.0    7.0
6      23.0    5.0
7      24.0    8.0
8      24.0   13.0
9      23.0   16.0
10     18.0   10.0
Detector 19
	 x 	 y
1       7.0    29.0
2       7.0    26.0
3       7.0    24.0
4       9.0    22.0
5       10.0   25.0
6       10.0   28.0
7       10.0   31.0
8       12.0   29.0
9       12.0   26.0
10      12.0   23.0
